1501072943980 -2390295.6245474573 0.0 44.0 22.541671043559557 113.93299220586466
1501072944980 -2390302.5318501797 0.0 48.0 22.541671043559557 113.93299220586466
1501072945983 -2390310.8800734417 0.0 37.0 22.541671043559557 113.93299220586466
1501072946983 -2390302.37258198 0.0 48.0 22.541671043559557 113.93299220586466
1501072947983 -2390296.6182611627 0.0 38.0 22.541671043559557 113.93299220586466
1501072948984 -2390288.810637365 0.0 39.0 22.541671043559557 113.93299220586466
1501072949985 -2390280.2011968046 0.0 39.0 22.541671043559557 113.93299220586466
1501072950986 -2390274.400422905 0.0 34.0 22.541671043559557 113.93299220586466
1501072951985 -2390267.975826461 0.0 36.0 22.541671043559557 113.93299220586466
1501072952985 -2390263.9121948075 0.0 31.0 22.541671043559557 113.93299220586466
1501072953989 -2390262.0202125595 0.0 35.0 22.541671043559557 113.93299220586466
1501072954990 -2390259.1648664777 0.0 39.0 22.541671043559557 113.93299220586466
1501072955990 -2390255.1318082293 0.0 39.0 22.541671043559557 113.93299220586466
1501072956990 -2390286.185867974 0.0 33.0 22.541671043559557 113.93299220586466
1501072957993 -2390291.555955545 0.0 28.0 22.541671043559557 113.93299220586466
1501072958993 -2390304.9319693204 0.0 28.0 22.541671043559557 113.93299220586466
1501072959993 -2390319.0782524287 0.0 28.0 22.541671043559557 113.93299220586466
1501072960993 -2390333.304667407 0.0 33.0 22.541671043559557 113.93299220586466
1501072961992 -2390344.4986347496 0.0 31.0 22.541671043559557 113.93299220586466
1501072962993 -2390356.5739396336 0.0 30.0 22.541671043559557 113.93299220586466
1501072963993 -2390368.31851948 0.0 33.0 22.541671043559557 113.93299220586466
1501072964993 -2390380.6781270914 0.0 37.0 22.541671043559557 113.93299220586466
1501072965994 -2390394.8129868833 1.0 43.0 22.541671043559557 113.93299220586466
1501072966994 -2390399.965765683 1.0 48.0 22.541671043559557 113.93299220586466
1501072967995 -2390398.287769331 1.0 46.0 22.54158450609274 113.93322518223671
1501072968996 -2390395.5865706047 1.0 36.0 22.54158450609274 113.93322518223671
1501072969997 -2390396.89660135 1.0 25.0 22.54158450609274 113.93322518223671
1501072970997 -2390402.1043363446 1.0 28.0 22.54158450609274 113.93322518223671
1501072971998 -2390410.044201287 1.0 28.0 22.54158450609274 113.93322518223671
1501072972998 -2390416.4992527 1.0 26.0 22.54158450609274 113.93322518223671
1501072973999 -2390420.890780471 1.0 28.0 22.54158450609274 113.93322518223671
1501072974999 -2390422.595301768 1.0 25.0 22.54158450609274 113.93322518223671
1501072975999 -2390437.4266605894 1.0 23.0 22.54158450609274 113.93322518223671
1501072976999 -2390442.126349121 1.0 22.0 22.54158450609274 113.93322518223671
1501072977999 -2390444.7162079224 1.0 24.0 22.54158450609274 113.93322518223671
1501072978999 -2390487.035636937 1.0 24.0 22.54158450609274 113.93322518223671
1501072979999 -2390532.6736335563 2.0 26.0 22.54158450609274 113.93322518223671
1501072980999 -2390556.1835784772 2.0 27.0 22.54158450609274 113.93322518223671
1501072981999 -2390559.9662952456 2.0 25.0 22.54158450609274 113.93322518223671
1501072982999 -2390558.296897075 2.0 31.0 22.54158450609274 113.93322518223671
1501072984000 -2390550.070941393 2.0 38.0 22.54158450609274 113.93322518223671
1501072985001 -2390552.3108679587 2.0 45.0 22.54158450609274 113.93322518223671
1501072986001 -2390557.9903852027 2.0 43.0 22.541374618140175 113.93322575640222
1501072987002 -2390566.3602177766 2.0 37.0 22.541374618140175 113.93322575640222
1501072988002 -2390574.754174683 2.0 30.0 22.541374618140175 113.93322575640222
1501072989002 -2390581.51259797 2.0 29.0 22.541374618140175 113.93322575640222
1501072990001 -2390588.6156430407 2.0 26.0 22.541374618140175 113.93322575640222
1501072991002 -2390597.5499867755 2.0 24.0 22.541374618140175 113.93322575640222
1501072992002 -2390607.9000350377 2.0 25.0 22.541374618140175 113.93322575640222
1501072993002 -2390620.7985386876 2.0 23.0 22.541374618140175 113.93322575640222
1501072994003 -2390653.6107781944 2.0 23.0 22.541374618140175 113.93322575640222
1501072995002 -2390675.0238014604 2.0 23.0 22.541374618140175 113.93322575640222
1501072996003 -2390685.8463466633 3.0 23.0 22.541374618140175 113.93322575640222
1501072997002 -2390700.5053636283 3.0 24.0 22.541374618140175 113.93322575640222
1501072998002 -2390699.2751936303 3.0 22.0 22.541374618140175 113.93322575640222
1501072999003 -2390682.4917604364 3.0 22.0 22.541374618140175 113.93322575640222
1501073000003 -2390677.4945694674 3.0 20.0 22.541374618140175 113.93322575640222
1501073001003 -2390672.7398364125 3.0 24.0 22.541374618140175 113.93322575640222
1501073002004 -2390672.7578086057 3.0 26.0 22.541374618140175 113.93322575640222
1501073003004 -2390677.2524784068 3.0 22.0 22.541374618140175 113.93322575640222
1501073004004 -2390692.5042883595 3.0 26.0 22.541374618140175 113.93322575640222
1501073005004 -2390699.9836159255 3.0 24.0 22.541374618140175 113.93322575640222
1501073006005 -2390716.1760580936 3.0 34.0 22.541374618140175 113.93322575640222
1501073007006 -2390723.7837140164 3.0 35.0 22.541374618140175 113.93322575640222
1501073008006 -2390730.605612033 3.0 40.0 22.541374618140175 113.93322575640222
1501073009006 -2390734.5497247325 3.0 45.0 22.541374618140175 113.93322575640222
1501073010007 -2390727.722235188 3.0 46.0 22.541374618140175 113.93322575640222
1501073011008 -2390717.464291869 3.0 44.0 22.541369886681892 113.93295510587882
1501073012009 -2390711.5756060416 3.0 35.0 22.541369886681892 113.93295510587882
1501073013008 -2390703.523532829 3.0 27.0 22.541369886681892 113.93295510587882
1501073014010 -2390699.322163791 3.0 26.0 22.541369886681892 113.93295510587882
1501073015010 -2390698.7916422375 3.0 25.0 22.541369886681892 113.93295510587882
1501073016011 -2390662.8908226234 3.0 19.0 22.541369886681892 113.93295510587882
1501073017011 -2390669.7561692814 3.0 19.0 22.541369886681892 113.93295510587882
1501073018012 -2390674.430051122 3.0 17.0 22.541369886681892 113.93295510587882
1501073019012 -2390679.899356039 3.0 18.0 22.541369886681892 113.93295510587882
1501073020013 -2390689.6763614607 3.0 17.0 22.541369886681892 113.93295510587882
1501073021013 -2390703.3451603837 3.0 19.0 22.541369886681892 113.93295510587882
1501073022014 -2390730.8657749044 3.0 23.0 22.541369886681892 113.93295510587882
1501073023016 -2390770.27506664 3.0 23.0 22.541369886681892 113.93295510587882
1501073024016 -2390836.067099267 4.0 21.0 22.541369886681892 113.93295510587882
1501073025016 -2390873.1706396164 4.0 22.0 22.541369886681892 113.93295510587882
1501073026017 -2390899.5654117586 4.0 26.0 22.541369886681892 113.93295510587882
1501073027017 -2390922.6138993343 4.0 21.0 22.541369886681892 113.93295510587882
1501073028017 -2390938.951684275 4.0 25.0 22.541369886681892 113.93295510587882
1501073029017 -2390938.4594066804 4.0 27.0 22.541369886681892 113.93295510587882
1501073030016 -2390927.810588447 4.0 25.0 22.541369886681892 113.93295510587882
1501073031017 -2390907.6785933 4.0 31.0 22.541369886681892 113.93295510587882
1501073032017 -2390893.695121378 4.0 31.0 22.541369886681892 113.93295510587882
1501073033017 -2390890.9050508444 4.0 41.0 22.541369886681892 113.93295510587882
1501073034018 -2390889.4260117076 4.0 44.0 22.541369886681892 113.93295510587882
1501073035019 -2390888.4167032647 4.0 35.0 22.541408013616664 113.9326127494062
1501073036019 -2390910.6328803236 4.0 26.0 22.541408013616664 113.9326127494062
1501073037019 -2390918.107236954 4.0 22.0 22.541408013616664 113.9326127494062
1501073038019 -2390918.724193729 4.0 25.0 22.541408013616664 113.9326127494062
1501073039019 -2390921.0220818496 4.0 24.0 22.541408013616664 113.9326127494062
1501073040019 -2390924.6840904634 4.0 23.0 22.541408013616664 113.9326127494062
1501073041020 -2390938.2099848064 4.0 25.0 22.541408013616664 113.9326127494062
1501073042021 -2390947.9940166823 4.0 27.0 22.541408013616664 113.9326127494062
1501073043021 -2390948.896933154 4.0 36.0 22.541408013616664 113.9326127494062
1501073044022 -2390949.899582284 4.0 39.0 22.541408013616664 113.9326127494062
1501073045022 -2390957.052714056 4.0 41.0 22.541408013616664 113.9326127494062
1501073046023 -2390967.718085546 4.0 35.0 22.541408013616664 113.9326127494062
1501073047024 -2390980.00925763 4.0 36.0 22.541408013616664 113.9326127494062
1501073048024 -2390991.327656595 5.0 47.0 22.541408013616664 113.9326127494062
1501073049024 -2391000.939163782 5.0 43.0 22.541321504419674 113.93250638230627
1501073050024 -2391010.226826934 5.0 38.0 22.541321504419674 113.93250638230627
1501073051024 -2391019.764517929 5.0 34.0 22.541321504419674 113.93250638230627
1501073052025 -2391026.208664381 5.0 29.0 22.541321504419674 113.93250638230627
1501073053025 -2391033.0486643305 5.0 27.0 22.541321504419674 113.93250638230627
1501073054025 -2391034.8533720905 5.0 29.0 22.541321504419674 113.93250638230627
1501073055024 -2391041.451777839 5.0 26.0 22.541321504419674 113.93250638230627
1501073056025 -2391045.590107062 5.0 26.0 22.541321504419674 113.93250638230627
1501073057025 -2391050.2834424903 5.0 24.0 22.541321504419674 113.93250638230627
1501073058025 -2391053.3308242885 5.0 23.0 22.541321504419674 113.93250638230627
1501073059026 -2391048.0982974935 5.0 26.0 22.541321504419674 113.93250638230627
1501073060027 -2391069.0672583026 5.0 25.0 22.541321504419674 113.93250638230627
1501073061027 -2391080.457508691 5.0 24.0 22.541321504419674 113.93250638230627
1501073062027 -2391098.410864405 5.0 26.0 22.541321504419674 113.93250638230627
1501073063026 -2391114.531958088 5.0 28.0 22.541321504419674 113.93250638230627
1501073064028 -2391128.643763891 5.0 31.0 22.541321504419674 113.93250638230627
1501073065028 -2391142.5432877843 6.0 32.0 22.541321504419674 113.93250638230627
1501073066029 -2391156.037095253 6.0 34.0 22.541321504419674 113.93250638230627
1501073067028 -2391166.2526596375 6.0 35.0 22.541321504419674 113.93250638230627
1501073068029 -2391172.548092385 6.0 34.0 22.541321504419674 113.93250638230627
1501073069030 -2391177.7269968437 6.0 33.0 22.541321504419674 113.93250638230627
1501073070030 -2391179.1740097282 6.0 38.0 22.541321504419674 113.93250638230627
1501073071029 -2391170.472443355 6.0 42.0 22.541321504419674 113.93250638230627
1501073072030 -2391160.198577954 6.0 44.0 22.541321504419674 113.93250638230627
1501073073030 -2391161.4104165607 6.0 35.0 22.541262778000522 113.93278013069154
1501073074029 -2391160.2409787606 6.0 21.0 22.541262778000522 113.93278013069154
1501073075030 -2391162.892302075 6.0 20.0 22.541262778000522 113.93278013069154
1501073076031 -2391174.630960948 6.0 31.0 22.541262778000522 113.93278013069154
1501073077055 -2391182.9367150473 6.0 24.0 22.541262778000522 113.93278013069154
